0
9174
32612
56200
84365
129842
170602
192150
209040
212752
184692
141489
94248
27892
-46473
-104837
-156240
-202927
-220721
-212408
-195370
-156341
-91700
-27256
35301
106471
164383
195939
217528
222415
193489
148477
99206
31017
-44795
-104180
-156223
-203251
-221175
-212861
-195753
-156628
-91892
-27368
35248
106457
164391
195957
217549
222434
193504
148488
99214
31022
-44793
-104180
-156224
-203252
-221176
-212861
-195753
-156628
-91892
-27368
35248
106457
164391
195957
217549
222434
193504
148488
99214
31022
-44793
-104180
-156224
-203252
-221176
-212861
-195753
-156628
-91892
-27368
35248
106457
164391
195957
217549
222434
193504
148488
99214
31022
-44793
-104180
-156224
-203252
-221176
-212861
-195753
-156628
-91892
-27368
35248
106457
164391
195957
217549
222434
193504
148488
99214
31022
-44793
-104180
-156224
-203252
-221176
-212861
-195753
-156628
-91892
-27368
35248
106457
164391
195957
217549
222434
193504
148488
99214
31022
-44793
-104180
-156224
-203252
-221176
-212861
-195753
-156628
-91892
-27368
35248
106457
164391
195957
217549
222434
193504
148488
99214
31022
-44793
-104180
-156224
-203252
-221176
-212861
-195753
-156628
-91892
-27368
35248
106457
164391
195957
217549
222434
193504
148488
99214
31022
-44793
-104180
-156224
-203252
-221176
-212861
-195753
-156628
-91892
-27368
35248
106457
164391
195957
217549
222434
193504
148488
99214
31022
-44793
-104180
-156224
-203252
-221176
-212861
-195753
-156628
-91892
-27368
35248
106457
164391
195957
217549
222434
193504
148488
99214
31022
-44793
-104180
-156224
-203252
-221176
-212861
-195753
-156628
-91892
-27368
35248
106457
164391
195957
217549
222434
193504
148488
99214
31022
-44793
-104180
-156224
-203252
-221176
-212861
-195753
-156628
-91892
-27368
35248
106457
164391
195957
217549
222434
193504
148488
99214
31022
-44793
-104180
-156224
-203252
-221176
-212861
-195753
-156628
-91892
-27368
35248
106457
164391
195957
217549
222434
193504
148488
99214
31022
-44793
-104180
-156224
-203252
-221176
-212861
-195753
-156628
-91892
-27368
35248
106457
164391
195957
217549
222434
193504
148488
99214
31022
-44793
-104180
-156224
-203252
-221176
-212861
-195753
-156628
-91892
-27368
35248
106457
164391
195957
217549
222434
193504
148488
99214
31022
-44793
-104180
-156224
-203252
-221176
-212861
-195753
-156628
-91892
-27368
35248
106457
164391
195957
217549
222434
193504
148488
99214
31022
-44793
-104180
-156224
-203252
-221176
-212861
-195753
-156628
-91892
-27368
35248
106457
164391
195957
217549
222434
193504
148488
99214
31022
-44793
-104180
-156224
-203252
-221176
-212861
-195753
-156628
-91892
-27368
35248
106457
164391
195957
217549
222434
193504
148488
99214
31022
-44793
-104180
-156224
-203252
-221176
-212861
-195753
-156628
-91892
-27368
35248
106457
164391
195957
217549
222434
193504
148488
99214
31022
-44793
-104180
-156224
-203252
-221176
-212861
-195753
-156628
-91892
-27368
35248
106457
164391
195957
217549
222434
193504
148488
99214
31022
-44793
-104180
-156224
-203252
-221176
-212861
-195753
-156628
-91892
-27368
35248
106457
164391
195957
217549
222434
193504
148488
99214
31022
-44793
-104180
-156224
-203252
-221176
-212861
-195753
-156628
-91892
-27368
35248
106457
164391
195957
217549
222434
193504
148488
99214
31022
-44793
-104180
-156224
-203252
-221176
-212861
-195753
-156628
-91892
-27368
35248
106457
164391
195957
217549
222434
193504
148488
99214
31022
-44793
-104180
-156224
-203252
-221176
-212861
-195753
-156628
-91892
-27368
35248
106457
164391
195957
217549
222434
193504
148488
99214
31022
-44793
-104180
-156224
-203252
-221176
-212861
-195753
-156628
-91892
-27368
35248
106457
164391
195957
217549
222434
193504
148488
99214
31022
-44793
-104180
-156224
-203252
-221176
-212861
-195753
-156628
-91892
-27368
35248
106457
164391
195957
217549
222434
193504
148488
99214
31022
-44793
-104180
-156224
-203252
-221176
-212861
-195753
-156628
-91892
-27368
35248
106457
164391
195957
217549
222434
193504
148488
99214
31022
-44793
-104180
-156224
-203252
-221176
-212861
-195753
-156628
-91892
-27368
35248
106457
164391
195957
217549
222434
193504
148488
99214
31022
-44793
-104180
-156224
-203252
-221176
-212861
-195753
-156628
-91892
-27368
35248
106457
164391
195957
217549
222434
193504
148488
99214
31022
-44793
-104180
-156224
-203252
-221176
-212861
-195753
-156628
-91892
-27368
35248
106457
164391
195957
217549
222434
193504
148488
99214
31022
-44793
-104180
-156224
-203252
-221176
-212861
-195753
-156628
-91892
-27368
35248
106457
164391
195957
217549
222434
193504
148488
99214
31022
-44793
-104180
-156224
-203252
-221176
-212861
-195753
-156628
-91892
-27368
35248
106457
164391
195957
217549
222434
193504
148488
99214
31022
-44793
-104180
-156224
-203252
-221176
-212861
-195753
-156628
-91892
-27368
35248
106457
164391
195957
217549
222434
193504
148488
99214
31022
-44793
-104180
-156224
-203252
-221176
-212861
-195753
-156628
-91892
-27368
35248
106457
164391
195957
217549
222434
193504
148488
99214
31022
-44793
-104180
-156224
-203252
-221176
-212861
-195753
-156628
-91892
-27368
35248
106457
164391
195957
217549
222434
193504
148488
99214
31022
-44793
-104180
-156224
-203252
-221176
-212861
-195753
-156628
-91892
-27368
35248
106457
164391
195957
217549
222434
193504
148488
99214
31022
-44793
-104180
-156224
-203252
-221176
-212861
-195753
-156628
-91892
-27368
35248
106457
164391
195957
217549
222434
193504
148488
99214
31022
-44793
-104180
-156224
-203252
-221176
-212861
-195753
-156628
-91892
-27368
35248
106457
164391
195957
217549
222434
193504
148488
99214
31022
-44793
-104180
-156224
-203252
-221176
-212861
-195753
-156628
-91892
-27368
35248
106457
164391
195957
217549
222434
193504
148488
99214
31022
-44793
-104180
-156224
-203252
-221176
-212861
-195753
-156628
-91892
-27368
35248
106457
164391
195957
217549
222434
193504
148488
99214
31022
-44793
-104180
-156224
-203252
-221176
-212861
-195753
-156628
-91892
-27368
35248
106457
164391
195957
217549
222434
193504
148488
99214
31022
-44793
-104180
-156224
-203252
-221176
-212861
-195753
-156628
-91892
-27368
35248
106457
164391
195957
217549
222434
193504
148488
99214
31022
-44793
-104180
-156224
-203252
-221176
-212861
-195753
-156628
-91892
-27368
35248
106457
164391
195957
217549
222434
193504
148488
99214
31022
-44793
-104180
-156224
-203252
-221176
-212861
-195753
-156628
-91892
-27368
35248
106457
164391
195957
217549
222434
193504
148488
99214
31022
-44793
-104180
-156224
-203252
-221176
-212861
-195753
-156628
-91892
-27368
35248
106457
164391
195957
217549
222434
193504
148488
99214
31022
-44793
-104180
-156224
-203252
-221176
-212861
-195753
-156628
-91892
-27368
35248
106457
164391
195957
217549
222434
193504
148488
99214
31022
-44793
-104180
-156224
-203252
-221176
-212861
-195753
-156628
-91892
-27368
35248
106457
164391
195957
217549
222434
193504
148488
99214
31022
-44793
-104180
-156224
-203252
-221176
-212861
-195753
-156628
-91892
-27368
35248
106457
164391
195957
217549
222434
193504
148488
99214
31022
-44793
-104180
-156224
-203252
-221176
-212861
-195753
-156628
-91892
-27368
35248
106457
164391
195957
217549
222434
193504
148488
99214
31022
-44793
-104180
-156224
-203252
-221176
-212861
